all 0

ndarray: [[2.8100467 ]
 [0.11468408]
 [1.2543023 ]
 [0.4140836 ]
 [8.044614  ]]


###################

ndarray: [[[0 0 0 0 0 0 0 0 0 0]
  [0 0 0 0 0 0 0 0 0 0]
  [1 1 1 1 1 1 1 1 1 1]
  [0 0 0 0 0 0 0 0 0 0]
  [0 0 0 0 0 0 0 0 0 0]]]

nei
ndarray: [[[ 0  0  0  0  0  0  0  0  0  0]
  [ 0  0  0  0  0  0  0  0  0  0]
  [23  1  0  0  0  0  0  0  0  0]
  [ 0  0  0  0  0  0  0  0  0  0]
  [ 0  0  0  0  0  0  0  0  0  0]]]

ndarray: [[ -0.59267926]
 [-10.748383  ]
 [  1.5862427 ]
 [ -0.29074016]
 [  0.5576321 ]]


######################3
ndarray: [[[0 0 0 0 0 0 0 0 0 0]
  [0 0 0 0 0 0 0 0 0 0]
  [1 1 1 1 1 1 1 1 1 1]
  [0 0 0 0 0 0 0 0 0 0]
  [0 0 0 0 0 0 0 0 0 0]]]

nei
lastNei1Feature
ndarray: [[[0 0 0 0 0 0 0 0 0 0]
  [0 0 0 0 0 0 0 0 0 0]
  [4 0 0 0 0 0 0 0 0 0] This is a problem
  [0 0 0 0 0 0 0 0 0 0]
  [0 0 0 0 0 0 0 0 0 0]]]


ndarray: [[ 1.8094727 ]
 [-4.6244903 ]
 [-1.5536376 ]
 [ 0.06083965]
 [ 1.6134728 ]]



##############################
ndarray: [[[1 1 1 1 1 1 1 1 1 1]
  [0 0 0 0 0 0 0 0 0 0]
  [1 1 1 1 1 1 1 1 1 1]
  [0 0 0 0 0 0 0 0 0 0]
  [0 0 0 0 0 0 0 0 0 0]]]


nei1
ndarray: [[[23  1  0  0  0  0  0  0  0  0]
  [ 0  0  0  0  0  0  0  0  0  0]
  [23  1  0  0  0  0  0  0  0  0]
  [ 0  0  0  0  0  0  0  0  0  0]
  [ 0  0  0  0  0  0  0  0  0  0]]]



ndarray: [[-1.6366323 ]
 [-8.70558   ]
 [-4.648854  ]
 [-0.65187186]
 [ 0.26724547]]



####################################
ndarray: [[-5.552695  ]
 [-1.761848  ]
 [-1.1655108 ]
 [-0.48651934]
 [-0.06564859]]

ndarray: [[[1 1 1 1 1 1 1 1 1 1]
  [0 0 0 0 0 0 0 0 0 0]
  [1 1 1 1 1 1 1 1 1 1]
  [0 0 0 0 0 0 0 0 0 0]
  [0 0 0 0 0 0 0 0 0 0]]]

nei1
ndarray: [[[3 1 0 0 0 0 0 0 0 0]
  [0 0 0 0 0 0 0 0 0 0]
  [3 1 0 0 0 0 0 0 0 0]
  [0 0 0 0 0 0 0 0 0 0]
  [0 0 0 0 0 0 0 0 0 0]]]




################################munlife

all zeros
ndarray: [[ 11.208079 ]
 [ -2.1038651]
 [  3.5243835]
 [  6.000192 ]
 [ -0.5127089]
 [-13.798385 ]
 [  7.423818 ]]



#################3
ndarray: [[[1 1 1 1 1 1 1 1 1 1]
  [0 0 0 0 0 0 0 0 0 0]
  [0 0 0 0 0 0 0 0 0 0]
  [0 0 0 0 0 0 0 0 0 0]
  [0 0 0 0 0 0 0 0 0 0]
  [0 0 0 0 0 0 0 0 0 0]
  [0 0 0 0 0 0 0 0 0 0]]]



ndarray: [[ -0.40981692]
 [  3.6196456 ]
 [  6.3109946 ]
 [ -0.5550952 ]
 [-11.894504  ]
 [  8.335052  ]
 [-14.245702  ]]


######################
ndarray: [[[0 0 0 0 0 0 0 0 0 0]
  [0 0 0 0 0 0 0 0 0 0]
  [0 0 0 0 0 0 0 0 0 0]
  [1 1 1 1 1 1 1 1 1 1]
  [0 0 0 0 0 0 0 0 0 0]
  [0 0 0 0 0 0 0 0 0 0]
  [0 0 0 0 0 0 0 0 0 0]]]

ndarray: [[  1.7375938]
 [  8.448261 ]
 [  0.5519335]
 [ -0.5318894]
 [  5.219589 ]
 [-10.346917 ]
 [  7.313474 ]]

##################3

ndarray: [[[0 0 0 0 0 0 0 0 0 0]
  [0 0 0 0 0 0 0 0 0 0]
  [0 0 0 0 0 0 0 0 0 0]
  [1 1 1 1 1 1 1 1 1 1]
  [0 0 0 0 0 0 0 0 0 0]
  [0 0 0 0 0 0 0 0 0 0]
  [0 0 0 0 0 0 0 0 0 0]]]

nei1
ndarray: [[[0 0 0 0 0 0 0 0 0 0]
  [0 0 0 0 0 0 0 0 0 0]
  [0 0 0 0 0 0 0 0 0 0]
  [5 1 0 0 0 0 0 0 0 0]
  [0 0 0 0 0 0 0 0 0 0]
  [0 0 0 0 0 0 0 0 0 0]
  [0 0 0 0 0 0 0 0 0 0]]]

ndarray: [[-0.7314514 ]
 [-0.70497835]
 [-0.6073258 ]
 [-5.4967837 ]
 [ 4.6901727 ]
 [ 7.0663714 ]
 [ 4.9889083 ]]

################3#####
ndarray: [[[1 1 1 1 1 1 1 1 1 1]
  [1 1 1 1 1 1 1 1 1 1]
  [1 1 1 1 1 1 1 1 1 1]
  [1 1 1 1 1 1 1 1 1 1]
  [1 1 1 1 1 1 1 1 1 1]
  [1 1 1 1 1 1 1 1 1 1]
  [1 1 1 1 1 1 1 1 1 1]]]


ndarray: [[-0.79373443]
 [-0.48638162]
 [-0.10848513]
 [-0.62753445]
 [-0.883608  ]
 [-0.06098121]
 [-0.30164862]]


##########################
ndarray: [[[1 1 1 1 1 1 1 1 1 1]
  [1 1 1 1 1 1 1 1 1 1]
  [1 1 1 1 1 1 1 1 1 1]
  [1 1 1 1 1 1 1 1 1 1]
  [1 1 1 1 1 1 1 1 1 1]
  [1 1 1 1 1 1 1 1 1 1]
  [1 1 1 1 1 1 1 1 1 1]]]

ndarray: [[[0 0 0 0 0 0 0 0 0 0]
  [0 0 0 0 0 0 0 0 0 0]
  [5 1 0 0 0 0 0 0 0 0]
  [0 0 0 0 0 0 0 0 0 0]
  [0 0 0 0 0 0 0 0 0 0]
  [0 0 0 0 0 0 0 0 0 0]
  [0 0 0 0 0 0 0 0 0 0]]]


ndarray: [[-0.6902082]
 [-0.6203962]
 [-9.271781 ]
 [-1.1757102]
 [-0.5436939]
 [-0.3489892]
 [-0.0742026]]

#########################
ndarray: [[[1 1 1 1 1 1 1 1 1 1]
  [1 1 1 1 1 1 1 1 1 1]
  [1 1 1 1 1 1 1 1 1 1]
  [1 1 1 1 1 1 1 1 1 1]
  [1 1 1 1 1 1 1 1 1 1]
  [1 1 1 1 1 1 1 1 1 1]
  [1 1 1 1 1 1 1 1 1 1]]]


ndarray: [[-2.747682  ]
 [-0.3975637 ]
 [-0.5339216 ]
 [-0.77461106]
 [-8.114414  ]
 [-0.5096357 ]
 [-0.0854581 ]]

ne1
ndarray: [[[0 0 0 0 0 0 0 0 0 0]
  [0 0 0 0 0 0 0 0 0 0]
  [0 0 0 0 0 0 0 0 0 0]
  [0 0 0 0 0 0 0 0 0 0]
  [4 2 0 0 0 0 0 0 0 0]
  [0 0 0 0 0 0 0 0 0 0]
  [0 0 0 0 0 0 0 0 0 0]]]


###########################
ndarray: [[[1 1 1 1 1 1 1 1 1 1]
  [1 1 1 1 1 1 1 1 1 1]
  [1 1 1 1 1 1 1 1 1 1]
  [1 1 1 1 1 1 1 1 1 1]
  [1 1 1 1 1 1 1 1 1 1]
  [1 1 1 1 1 1 1 1 1 1]
  [1 1 1 1 1 1 1 1 1 1]]]




ndarray: [[-10.706061  ]
 [  2.5012317 ]
 [ -0.61459196]
 [ -0.5442684 ]
 [ -0.8342919 ]
 [ -0.5894762 ]
 [ -6.176351  ]]

nei1
ndarray: [[[0 0 0 0 0 0 0 0 0 0]
  [0 0 0 0 0 0 0 0 0 0]
  [0 0 0 0 0 0 0 0 0 0]
  [0 0 0 0 0 0 0 0 0 0]
  [0 0 0 0 0 0 0 0 0 0]
  [0 0 0 0 0 0 0 0 0 0]
  [4 2 0 0 0 0 0 0 0 0]]]




##############do again change to linear, train for 2 times

ndarray: [[[1 1 1 1 1 1 1 1 1 1]
  [1 1 1 1 1 1 1 1 1 1]
  [1 1 1 1 1 1 1 1 1 1]
  [1 1 1 1 1 1 1 1 1 1]
  [1 1 1 1 1 1 1 1 1 1]
  [1 1 1 1 1 1 1 1 1 1]
  [1 1 1 1 1 1 1 1 1 1]]]

ndarray: [[-1.7635212]
 [-2.735001 ]
 [ 1.6685736]
 [ 2.7376182]
 [-2.133029 ]
 [-3.4353223]
 [-1.3479793]]


#################
ndarray: [[[1 1 1 1 1 1 1 1 1 1]
  [1 1 1 1 1 1 1 1 1 1]
  [1 1 1 1 1 1 1 1 1 1]
  [1 1 1 1 1 1 1 1 1 1]
  [1 1 1 1 1 1 1 1 1 1]
  [1 1 1 1 1 1 1 1 1 1]
  [1 1 1 1 1 1 1 1 1 1]]]
nei1
ndarray: [[[0 0 0 0 0 0 0 0 0 0]
  [0 0 0 0 0 0 0 0 0 0]
  [3 3 0 0 0 0 0 0 0 0]
  [0 0 0 0 0 0 0 0 0 0]
  [0 0 0 0 0 0 0 0 0 0]
  [0 0 0 0 0 0 0 0 0 0]
  [0 0 0 0 0 0 0 0 0 0]]]

ndarray: [[[0 0 0 0 0 0 0 0 0 0]
  [0 0 0 0 0 0 0 0 0 0]
  [9 1 1 0 0 0 0 0 0 0]
  [0 0 0 0 0 0 0 0 0 0]
  [0 0 0 0 0 0 0 0 0 0]
  [0 0 0 0 0 0 0 0 0 0]
  [0 0 0 0 0 0 0 0 0 0]]]


ndarray: [[-10.31163  ]
 [  0.1311973]
 [  4.489157 ]
 [ -0.1616767]
 [ -4.9282737]
 [  4.680071 ]
 [  2.4251385]]
############################3
ndarray: [[[1 1 1 1 1 1 1 1 1 1]
  [1 1 1 1 1 1 1 1 1 1]
  [1 1 1 1 1 1 1 1 1 1]
  [1 1 1 1 1 1 1 1 1 1]
  [1 1 1 1 1 1 1 1 1 1]
  [1 1 1 1 1 1 1 1 1 1]
  [1 1 1 1 1 1 1 1 1 1]]]

ndarray: [[[0 0 0 0 0 0 0 0 0 0]
  [0 0 0 0 0 0 0 0 0 0]
  [0 0 0 0 0 0 0 0 0 0]
  [0 0 0 0 0 0 0 0 0 0]
  [3 3 0 0 0 0 0 0 0 0]
  [0 0 0 0 0 0 0 0 0 0]
  [0 0 0 0 0 0 0 0 0 0]]]

ndarray: [[-7.5221047 ]
 [ 0.3500204 ]
 [-1.5711777 ]
 [ 2.167966  ]
 [ 0.24105352]
 [-2.638156  ]
 [-4.449335  ]]

##############################
ndarray: [[[1 1 1 1 1 1 1 1 1 1]
  [1 1 1 1 1 1 1 1 1 1]
  [1 1 1 1 1 1 1 1 1 1]
  [1 1 1 1 1 1 1 1 1 1]
  [1 1 1 1 1 1 1 1 1 1]
  [1 1 1 1 1 1 1 1 1 1]
  [1 1 1 1 1 1 1 1 1 1]]]

ndarray: [[ 2.0348964 ]
 [-3.681189  ]
 [ 0.52439785]
 [-2.3129177 ]
 [-1.1514593 ]
 [ 0.50072265]
 [-3.7716813 ]]

ndarray: [[[1 1 1 1 1 1 1 1 1 1]
  [1 1 1 1 1 1 1 1 1 1]
  [1 1 1 1 1 1 1 1 1 1]
  [1 1 1 1 1 1 1 1 1 1]
  [1 1 1 1 1 1 1 1 1 1]
  [1 1 1 1 1 1 1 1 1 1]
  [1 1 1 1 1 1 1 1 1 1]]]

ndarray: [[[0 0 0 0 0 0 0 0 0 0]
  [0 0 0 0 0 0 0 0 0 0]
  [0 0 0 0 0 0 0 0 0 0]
  [0 0 0 0 0 0 0 0 0 0]
  [0 0 0 0 0 0 0 0 0 0]
  [3 3 0 0 0 0 0 0 0 0]
  [0 0 0 0 0 0 0 0 0 0]]]


##############################train one night



#######################################3


ndarray: [[[-9.941912  ]
  [-0.7679329 ]
  [-1.7342705 ]
  [-0.8864045 ]
  [-0.49319538]
  [-1.7622856 ]
  [-2.5303762 ]]]

ndarray: [[[0 0 0 0 0 0 0 0 0 0]
  [0 0 0 0 0 0 0 0 0 0]
  [0 0 0 0 0 0 0 0 0 0]
  [0 0 0 0 0 0 0 0 0 0]
  [0 0 0 0 0 0 0 0 0 0]
  [0 0 0 0 0 0 0 0 0 0]
  [1 1 1 1 1 1 1 1 1 1]]]

##################
ndarray: [[[27.690197  ]
  [-0.55984795]
  [ 5.3454266 ]
  [ 3.5355904 ]
  [-0.4992866 ]
  [ 2.261902  ]
  [31.005611  ]]]

ndarray: [[[0 0 0 0 0 0 0 0 0 0]
  [0 0 0 0 0 0 0 0 0 0]
  [0 0 0 0 0 0 0 0 0 0]
  [0 0 0 0 0 0 0 0 0 0]
  [0 0 0 0 0 0 0 0 0 0]
  [0 0 0 0 0 0 0 0 0 0]
  [0 0 0 0 0 0 0 0 0 0]]]

################

ndarray: [[[ 8.516971  ]
  [-0.2503349 ]
  [ 5.85892   ]
  [ 2.0769005 ]
  [-1.9887321 ]
  [-0.45692685]
  [13.416799  ]]]

ndarray: [[[1 1 1 1 1 1 1 1 1 1]
  [0 0 0 0 0 0 0 0 0 0]
  [0 0 0 0 0 0 0 0 0 0]
  [0 0 0 0 0 0 0 0 0 0]
  [0 0 0 0 0 0 0 0 0 0]
  [0 0 0 0 0 0 0 0 0 0]
  [0 0 0 0 0 0 0 0 0 0]]]

####################33
ndarray: [[[-0.5490448 ]
  [-0.07286048]
  [ 5.865624  ]
  [ 2.1520822 ]
  [-7.5628004 ]
  [ 1.2788583 ]
  [14.727565  ]]]

ndarray: [[[3 3 3 3 3 3 3 3 3 3]
  [0 0 0 0 0 0 0 0 0 0]
  [0 0 0 0 0 0 0 0 0 0]
  [0 0 0 0 0 0 0 0 0 0]
  [0 0 0 0 0 0 0 0 0 0]
  [0 0 0 0 0 0 0 0 0 0]
  [0 0 0 0 0 0 0 0 0 0]]]
##################################
ndarray: [[[-0.6866196 ]
  [ 0.04964796]
  [ 5.7884283 ]
  [ 2.3827538 ]
  [-9.066154  ]
  [ 2.4402487 ]
  [15.131482  ]]]

ndarray: [[[4 4 4 4 4 4 4 4 4 4]
  [0 0 0 0 0 0 0 0 0 0]
  [0 0 0 0 0 0 0 0 0 0]
  [0 0 0 0 0 0 0 0 0 0]
  [0 0 0 0 0 0 0 0 0 0]
  [0 0 0 0 0 0 0 0 0 0]
  [0 0 0 0 0 0 0 0 0 0]]]


###################
ndarray: [[[ 24.284748  ]
  [ -1.1302174 ]
  [  0.04632005]
  [-11.408799  ]
  [  9.135592  ]
  [ 14.719864  ]
  [  4.0051594 ]]]

ndarray: [[[0 0 0 0 0 0 0 0 0 0]
  [0 0 0 0 0 0 0 0 0 0]
  [0 0 0 0 0 0 0 0 0 0]
  [1 1 1 1 1 1 1 1 1 1]
  [0 0 0 0 0 0 0 0 0 0]
  [0 0 0 0 0 0 0 0 0 0]
  [0 0 0 0 0 0 0 0 0 0]]]


####################################3
ndarray: [[[1 1 1 1 1 1 1 1 1 1]
  [1 1 1 1 1 1 1 1 1 1]
  [1 1 1 1 1 1 1 1 1 1]
  [1 1 1 1 1 1 1 1 1 1]
  [1 1 1 1 1 1 1 1 1 1]
  [1 1 1 1 1 1 1 1 1 1]
  [1 1 1 1 1 1 1 1 1 1]]]

ndarray: [[[-0.6598146 ]
  [-0.7432749 ]
  [-0.95934117]
  [-1.5430975 ]
  [-1.7382742 ]
  [ 2.7840974 ]
  [21.600063  ]]]


ndarray: [[[0 0 0 0 0 0 0 0 0 0]
  [0 0 0 0 0 0 0 0 0 0]
  [0 0 0 0 0 0 0 0 0 0]
  [5 1 1 0 0 0 0 0 0 0]
  [0 0 0 0 0 0 0 0 0 0]
  [0 0 0 0 0 0 0 0 0 0]
  [0 0 0 0 0 0 0 0 0 0]]]

##########################333




ndarray: [[[1 1 1 1 1 1 1 1 1 1]
  [1 1 1 1 1 1 1 1 1 1]
  [1 1 1 1 1 1 1 1 1 1]
  [1 1 1 1 1 1 1 1 1 1]
  [1 1 1 1 1 1 1 1 1 1]
  [1 1 1 1 1 1 1 1 1 1]
  [1 1 1 1 1 1 1 1 1 1]]]


ndarray: [[-0.61012405]
 [-0.74030787]
 [-0.75704473]
 [-0.9099815 ]
 [-1.6061726 ]
 [ 2.5302317 ]
 [23.742271  ]]

ndarray: [[[0 0 0 0 0 0 0 0 0 0]
  [0 0 0 0 0 0 0 0 0 0]
  [0 0 0 0 0 0 0 0 0 0]
  [0 0 0 0 0 0 0 0 0 0]
  [0 0 0 0 0 0 0 0 0 0]
  [0 0 0 0 0 0 0 0 0 0]
  [0 0 0 0 0 0 0 0 0 0]]]


#######################
ndarray: [[[1 1 1 1 1 1 1 1 1 1]
  [1 1 1 1 1 1 1 1 1 1]
  [1 1 1 1 1 1 1 1 1 1]
  [1 1 1 1 1 1 1 1 1 1]
  [1 1 1 1 1 1 1 1 1 1]
  [1 1 1 1 1 1 1 1 1 1]
  [1 1 1 1 1 1 1 1 1 1]]]


ndarray: [[[-0.573169  ]
  [-0.7042141 ]
  [-0.84451926]
  [ 0.3012407 ]
  [-2.673269  ]
  [ 0.9782344 ]
  [21.402864  ]]]

ndarray: [[[ 0  0  0  0  0  0  0  0  0  0]
  [ 0  0  0  0  0  0  0  0  0  0]
  [ 0  0  0  0  0  0  0  0  0  0]
  [-5 -1 -1  0  0  0  0  0  0  0]
  [ 0  0  0  0  0  0  0  0  0  0]
  [ 0  0  0  0  0  0  0  0  0  0]
  [ 0  0  0  0  0  0  0  0  0  0]]]



###########################
ndarray: [[-0.5483641]
 [-0.6777328]
 [-1.0360836]
 [-0.84305  ]
 [-1.65025  ]
 [ 2.3833525]
 [23.777224 ]]

ndarray: [[[1 1 1 1 1 1 1 1 1 1]
  [1 1 1 1 1 1 1 1 1 1]
  [1 1 1 1 1 1 1 1 1 1]
  [1 1 1 1 1 1 1 1 1 1]
  [1 1 1 1 1 1 1 1 1 1]
  [1 1 1 1 1 1 1 1 1 1]
  [1 1 1 1 1 1 1 1 1 1]]]

ndarray: [[[0 0 0 0 0 0 0 0 0 0]
  [0 0 0 0 0 0 0 0 0 0]
  [5 1 0 0 0 0 0 0 0 0]
  [0 0 0 0 0 0 0 0 0 0]
  [0 0 0 0 0 0 0 0 0 0]
  [0 0 0 0 0 0 0 0 0 0]
  [0 0 0 0 0 0 0 0 0 0]]]

######################################3


ndarray: [[-0.73820025]
 [-0.89808506]
 [-1.1100496 ]
 [-0.41031778]
 [-0.7993852 ]
 [ 3.862274  ]
 [10.975148  ]]

ndarray: [[[1 1 1 1 1 1 1 1 1 1]
  [1 1 1 1 1 1 1 1 1 1]
  [1 1 1 1 1 1 1 1 1 1]
  [1 1 1 1 1 1 1 1 1 1]
  [1 1 1 1 1 1 1 1 1 1]
  [1 1 1 1 1 1 1 1 1 1]
  [1 1 1 1 1 1 1 1 1 1]]]

ndarray: [[[0 0 0 0 0 0 0 0 0 0]
  [0 0 0 0 0 0 0 0 0 0]
  [0 0 0 0 0 0 0 0 0 0]
  [0 0 0 0 0 0 0 0 0 0]
  [0 0 0 0 0 0 0 0 0 0]
  [0 0 0 0 0 0 0 0 0 0]
  [5 1 0 0 0 0 0 0 0 0]]]

####################################

ndarray: [[-0.6726454 ]
 [-0.79437804]
 [-0.9842591 ]
 [-0.89199   ]
 [-1.5123568 ]
 [ 2.650601  ]
 [18.334694  ]]

ndarray: [[[1 1 1 1 1 1 1 1 1 1]
  [1 1 1 1 1 1 1 1 1 1]
  [1 1 1 1 1 1 1 1 1 1]
  [1 1 1 1 1 1 1 1 1 1]
  [1 1 1 1 1 1 1 1 1 1]
  [1 1 1 1 1 1 1 1 1 1]
  [1 1 1 1 1 1 1 1 1 1]]]

ndarray: [[[0 0 0 0 0 0 0 0 0 0]
  [0 0 0 0 0 0 0 0 0 0]
  [0 0 0 0 0 0 0 0 0 0]
  [0 0 0 0 0 0 0 0 0 0]
  [0 0 0 0 0 0 0 0 0 0]
  [5 1 0 0 0 0 0 0 0 0]
  [0 0 0 0 0 0 0 0 0 0]]]



################3menu page
ndarray: [[-0.96347046]
 [ 1.5192035 ]
 [ 3.629368  ]
 [ 1.2391661 ]
 [-0.489102  ]
 [ 2.1923807 ]]



ndarray: [[[0 0 0 0 0 0 0 0 0 0]
  [0 0 0 0 0 0 0 0 0 0]
  [0 0 0 0 0 0 0 0 0 0]
  [0 0 0 0 0 0 0 0 0 0]
  [0 0 0 0 0 0 0 0 0 0]
  [0 0 0 0 0 0 0 0 0 0]]]

####################menu page

ndarray: [[-0.5667455 ]
 [-0.58186483]
 [-1.137148  ]
 [-0.4840545 ]
 [-4.004347  ]
 [-2.5143876 ]]

ndarray: [[[1 1 1 1 1 1 1 1 1 1]
  [1 1 1 1 1 1 1 1 1 1]
  [1 1 1 1 1 1 1 1 1 1]
  [1 1 1 1 1 1 1 1 1 1]
  [1 1 1 1 1 1 1 1 1 1]
  [1 1 1 1 1 1 1 1 1 1]]]


################menu page

ndarray: [[-1.7495232]
 [-2.3252742]
 [-6.184186 ]
 [23.678362 ]
 [ 6.5864096]
 [11.503398 ]]

ndarray: [[[0 0 0 0 0 0 0 0 0 0]
  [0 0 0 0 0 0 0 0 0 0]
  [1 1 1 1 1 1 1 1 1 1]
  [0 0 0 0 0 0 0 0 0 0]
  [0 0 0 0 0 0 0 0 0 0]
  [0 0 0 0 0 0 0 0 0 0]]]

################menu page


ndarray: [[-1.2421815 ]
 [-4.008538  ]
 [ 0.57985413]
 [-1.9016036 ]
 [-4.275963  ]
 [15.256744  ]]

ndarray: [[[0 0 0 0 0 0 0 0 0 0]
  [0 0 0 0 0 0 0 0 0 0]
  [0 0 0 0 0 0 0 0 0 0]
  [0 0 0 0 0 0 0 0 0 0]
  [1 1 1 1 1 1 1 1 1 1]
  [0 0 0 0 0 0 0 0 0 0]]]


##################3menu page

ndarray: [[-0.72673905]
 [-0.92227685]
 [-2.1020086 ]
 [ 0.5080755 ]
 [-0.9231804 ]
 [-5.23658   ]]

ndarray: [[[0 0 0 0 0 0 0 0 0 0]
  [0 0 0 0 0 0 0 0 0 0]
  [0 0 0 0 0 0 0 0 0 0]
  [0 0 0 0 0 0 0 0 0 0]
  [0 0 0 0 0 0 0 0 0 0]
  [1 1 1 1 1 1 1 1 1 1]]]

#####################menu page

ndarray: [[-0.4575421 ]
 [-0.96537113]
 [-1.3303404 ]
 [-0.46334344]
 [-3.3892877 ]
 [ 2.7596285 ]]

ndarray: [[[0 0 0 0 0 0 0 0 0 0]
  [0 0 0 0 0 0 0 0 0 0]
  [0 0 0 0 0 0 0 0 0 0]
  [0 0 0 0 0 0 0 0 0 0]
  [1 1 1 1 1 1 1 1 1 1]
  [1 1 1 1 1 1 1 1 1 1]]]




################negitive as neigbour-3 hours
all 0

ndarray: [[[-1.773649 ]
  [ 4.790181 ]
  [ 6.852257 ]
  [ 5.4244385]
  [-6.648631 ]
  [ 2.9704828]
  [ 5.2051973]]]

############
ndarray: [[[  2.5811596]
  [  4.081146 ]
  [  3.3484821]
  [-18.001186 ]
  [  6.379355 ]
  [  5.1132545]
  [ -7.3059464]]]

ndarray: [[[0 0 0 0 0 0 0 0 0 0]
  [0 0 0 0 0 0 0 0 0 0]
  [0 0 0 0 0 0 0 0 0 0]
  [1 1 1 1 1 1 1 1 1 1]
  [0 0 0 0 0 0 0 0 0 0]
  [0 0 0 0 0 0 0 0 0 0]
  [0 0 0 0 0 0 0 0 0 0]]]

###############
ndarray: [[[ -0.7865701]
  [  3.4069867]
  [  3.388745 ]
  [-15.695442 ]
  [  6.3861017]
  [  5.0214796]
  [ -7.350871 ]]]

ndarray: [[[0 0 0 0 0 0 0 0 0 0]
  [0 0 0 0 0 0 0 0 0 0]
  [0 0 0 0 0 0 0 0 0 0]
  [2 2 2 2 2 2 2 2 2 2]
  [0 0 0 0 0 0 0 0 0 0]
  [0 0 0 0 0 0 0 0 0 0]
  [0 0 0 0 0 0 0 0 0 0]]]
################3
ndarray: [[[  2.8011932]
  [  2.913629 ]
  [  4.629372 ]
  [  3.8572378]
  [ -6.260644 ]
  [  4.1681213]
  [-10.128159 ]]]

ndarray: [[[0 0 0 0 0 0 0 0 0 0]
  [0 0 0 0 0 0 0 0 0 0]
  [0 0 0 0 0 0 0 0 0 0]
  [0 0 0 0 0 0 0 0 0 0]
  [0 0 0 0 0 0 0 0 0 0]
  [0 0 0 0 0 0 0 0 0 0]
  [1 1 1 1 1 1 1 1 1 1]]]


#################
ndarray: [[[-2.098605  ]
  [-1.3152124 ]
  [-1.1825377 ]
  [-1.144874  ]
  [-1.6393669 ]
  [ 0.48535535]
  [-9.619389  ]]]

ndarray: [[[0 0 0 0 0 0 0 0 0 0]
  [0 0 0 0 0 0 0 0 0 0]
  [0 0 0 0 0 0 0 0 0 0]
  [0 0 0 0 0 0 0 0 0 0]
  [0 0 0 0 0 0 0 0 0 0]
  [0 0 0 0 0 0 0 0 0 0]
  [1 1 1 1 1 1 1 1 1 1]]]

ndarray: [[[  0   0   0   0   0   0   0   0   0   0]
  [  0   0   0   0   0   0   0   0   0   0]
  [  0   0   0   0   0   0   0   0   0   0]
  [  0   0   0   0   0   0   0   0   0   0]
  [  0   0   0   0   0   0   0   0   0   0]
  [  0   0   0   0   0   0   0   0   0   0]
  [-10  -5  -5   0   0   0   0   0   0   0]]

###############
ndarray: [[[ -1.0735643 ]
  [  1.2357422 ]
  [-16.561382  ]
  [ 26.065842  ]
  [ -0.43274748]
  [ -0.23867485]
  [ 30.212711  ]]]

ndarray: [[[0 0 0 0 0 0 0 0 0 0]
  [0 0 0 0 0 0 0 0 0 0]
  [1 1 1 1 1 1 1 1 1 1]
  [0 0 0 0 0 0 0 0 0 0]
  [0 0 0 0 0 0 0 0 0 0]
  [0 0 0 0 0 0 0 0 0 0]
  [0 0 0 0 0 0 0 0 0 0]]]

ndarray: [[[  0   0   0   0   0   0   0   0   0   0]
  [  0   0   0   0   0   0   0   0   0   0]
  [-10  -5  -5   0   0   0   0   0   0   0]
  [  0   0   0   0   0   0   0   0   0   0]
  [  0   0   0   0   0   0   0   0   0   0]
  [  0   0   0   0   0   0   0   0   0   0]
  [  0   0   0   0   0   0   0   0   0   0]]]




##############3

ndarray: [[[-2.1430657]
  [14.435833 ]
  [-6.6827607]
  [ 5.171161 ]
  [-3.9983666]
  [ 3.3687186]
  [-1.4070501]]]

ndarray: [[[1 1 1 1 1 1 1 1 1 1]
  [1 1 1 1 1 1 1 1 1 1]
  [1 1 1 1 1 1 1 1 1 1]
  [1 1 1 1 1 1 1 1 1 1]
  [1 1 1 1 1 1 1 1 1 1]
  [1 1 1 1 1 1 1 1 1 1]
  [1 1 1 1 1 1 1 1 1 1]]]

############
ndarray: [[[-1.961341 ]
  [11.008265 ]
  [-3.5803223]
  [ 3.8446941]
  [ 1.1307682]
  [ 1.1521643]
  [ 2.8090162]]]

ndarray: [[[1 1 1 1 1 1 1 1 1 1]
  [1 1 1 1 1 1 1 1 1 1]
  [1 1 1 1 1 1 1 1 1 1]
  [1 1 1 1 1 1 1 1 1 1]
  [1 1 1 1 1 1 1 1 1 1]
  [1 1 1 1 1 1 1 1 1 1]
  [1 1 1 1 1 1 1 1 1 1]]]

ndarray: [[[ 0  0  0  0  0  0  0  0  0  0]
  [ 0  0  0  0  0  0  0  0  0  0]
  [ 0  0  0  0  0  0  0  0  0  0]
  [-5 -1 -1  0  0  0  0  0  0  0]
  [ 0  0  0  0  0  0  0  0  0  0]
  [ 0  0  0  0  0  0  0  0  0  0]
  [ 0  0  0  0  0  0  0  0  0  0]]]

##################
ndarray: [[[-1.832728 ]
  [ 8.105574 ]
  [-2.929212 ]
  [ 2.9177341]
  [10.148001 ]
  [-3.6569479]
  [ 9.862004 ]]]

ndarray: [[[1 1 1 1 1 1 1 1 1 1]
  [1 1 1 1 1 1 1 1 1 1]
  [1 1 1 1 1 1 1 1 1 1]
  [1 1 1 1 1 1 1 1 1 1]
  [1 1 1 1 1 1 1 1 1 1]
  [1 1 1 1 1 1 1 1 1 1]
  [1 1 1 1 1 1 1 1 1 1]]]

ndarray: [[[ 0  0  0  0  0  0  0  0  0  0]
  [ 0  0  0  0  0  0  0  0  0  0]
  [ 0  0  0  0  0  0  0  0  0  0]
  [-5 -1 -1  0  0  0  0  0  0  0]
  [ 0  0  0  0  0  0  0  0  0  0]
  [ 0  0  0  0  0  0  0  0  0  0]
  [ 0  0  0  0  0  0  0  0  0  0]]]

######################

ndarray: [[[-2.0571182]
  [13.870014 ]
  [-8.230806 ]
  [ 6.2584414]
  [-5.8927193]
  [ 2.9311566]
  [-1.8730671]]]

ndarray: [[[1 1 1 1 1 1 1 1 1 1]
  [1 1 1 1 1 1 1 1 1 1]
  [1 1 1 1 1 1 1 1 1 1]
  [1 1 1 1 1 1 1 1 1 1]
  [1 1 1 1 1 1 1 1 1 1]
  [1 1 1 1 1 1 1 1 1 1]
  [1 1 1 1 1 1 1 1 1 1]]]

ndarray: [[[ 0  0  0  0  0  0  0  0  0  0]
  [ 0  0  0  0  0  0  0  0  0  0]
  [ 0  0  0  0  0  0  0  0  0  0]
  [5 1 1  0  0  0  0  0  0  0]  #### just have a try
  [ 0  0  0  0  0  0  0  0  0  0]
  [ 0  0  0  0  0  0  0  0  0  0]
  [ 0  0  0  0  0  0  0  0  0  0]]]

###################
ndarray: [[[-2.6948304 ]
  [13.921009  ]
  [-9.313569  ]
  [ 0.88888586]
  [-1.602264  ]
  [-2.529679  ]
  [ 3.4345407 ]]]

ndarray: [[[1 1 1 1 1 1 1 1 1 1]
  [1 1 1 1 1 1 1 1 1 1]
  [1 1 1 1 1 1 1 1 1 1]
  [1 1 1 1 1 1 1 1 1 1]
  [1 1 1 1 1 1 1 1 1 1]
  [1 1 1 1 1 1 1 1 1 1]
  [1 1 1 1 1 1 1 1 1 1]]]

ndarray: [[[ 0  0  0  0  0  0  0  0  0  0]
  [ 0  0  0  0  0  0  0  0  0  0]
  [ 0  0  0  0  0  0  0  0  0  0]
  [20  5  5  0  0  0  0  0  0  0]#### just have a try
  [ 0  0  0  0  0  0  0  0  0  0]
  [ 0  0  0  0  0  0  0  0  0  0]
  [ 0  0  0  0  0  0  0  0  0  0]]]

#####################
ndarray: [[[-1.832728 ]
  [ 8.105574 ]
  [-2.929212 ]
  [ 2.9177341]
  [10.148001 ]
  [-3.6569479]
  [ 9.862004 ]]]

ndarray: [[[1 1 1 1 1 1 1 1 1 1]
  [1 1 1 1 1 1 1 1 1 1]
  [1 1 1 1 1 1 1 1 1 1]
  [1 1 1 1 1 1 1 1 1 1]
  [1 1 1 1 1 1 1 1 1 1]
  [1 1 1 1 1 1 1 1 1 1]
  [1 1 1 1 1 1 1 1 1 1]]]

ndarray: [[[  0   0   0   0   0   0   0   0   0   0]
  [  0   0   0   0   0   0   0   0   0   0]
  [  0   0   0   0   0   0   0   0   0   0]
  [-10  -1  -1   0   0   0   0   0   0   0]
  [  0   0   0   0   0   0   0   0   0   0]
  [  0   0   0   0   0   0   0   0   0   0]
  [  0   0   0   0   0   0   0   0   0   0]]]

########################

ndarray: [[[-1.7081645]
  [ 4.8797565]
  [-2.5592155]
  [-2.5717545]
  [24.679493 ]
  [-9.98843  ]
  [17.209787 ]]]

ndarray: [[[1 1 1 1 1 1 1 1 1 1]
  [1 1 1 1 1 1 1 1 1 1]
  [1 1 1 1 1 1 1 1 1 1]
  [1 1 1 1 1 1 1 1 1 1]
  [1 1 1 1 1 1 1 1 1 1]
  [1 1 1 1 1 1 1 1 1 1]
  [1 1 1 1 1 1 1 1 1 1]]]

ndarray: [[[  0   0   0   0   0   0   0   0   0   0]
  [  0   0   0   0   0   0   0   0   0   0]
  [  0   0   0   0   0   0   0   0   0   0]
  [-20 -10 -10   0   0   0   0   0   0   0]
  [  0   0   0   0   0   0   0   0   0   0]
  [  0   0   0   0   0   0   0   0   0   0]
  [  0   0   0   0   0   0   0   0   0   0]]]



################anymemo

ndarray: [[[  1.7790854 ]
  [ -4.512018  ]
  [ -0.50863457]
  [  5.6376934 ]
  [  5.9116883 ]
  [  7.311149  ]
  [  5.330096  ]
  [-11.495278  ]]]

#############################
ndarray: [[[ -0.9592938 ]
  [-14.074045  ]
  [-15.831277  ]
  [  3.3201494 ]
  [ -0.47533992]
  [  5.4493127 ]
  [  5.6999607 ]
  [ -7.6106324 ]]

ndarray: [[[0 0 0 0 0 0 0 0 0 0]
  [0 0 0 0 0 0 0 0 0 0]
  [0 0 0 0 0 0 0 0 0 0]
  [0 0 0 0 0 0 0 0 0 0]
  [1 1 1 1 1 1 1 1 1 1]
  [0 0 0 0 0 0 0 0 0 0]
  [0 0 0 0 0 0 0 0 0 0]
  [0 0 0 0 0 0 0 0 0 0]]]

##########################

ndarray: [[[  0.6462809]
  [-11.7295885]
  [ -2.6174314]
  [  1.9383495]
  [ -1.6262696]
  [  6.8546367]
  [  6.742022 ]
  [  4.157678 ]]]

ndarray: [[[0 0 0 0 0 0 0 0 0 0]
  [0 0 0 0 0 0 0 0 0 0]
  [0 0 0 0 0 0 0 0 0 0]
  [0 0 0 0 0 0 0 0 0 0]
  [1 1 1 1 1 1 1 1 1 1]
  [0 0 0 0 0 0 0 0 0 0]
  [0 0 0 0 0 0 0 0 0 0]
  [0 0 0 0 0 0 0 0 0 0]]]
ndarray: [[[  0   0   0   0   0   0   0   0   0   0]
  [  0   0   0   0   0   0   0   0   0   0]
  [  0   0   0   0   0   0   0   0   0   0]
  [  0   0   0   0   0   0   0   0   0   0]
  [-10  -5  -5   0   0   0   0   0   0   0]
  [  0   0   0   0   0   0   0   0   0   0]
  [  0   0   0   0   0   0   0   0   0   0]
  [  0   0   0   0   0   0   0   0   0   0]]]

#########################

ndarray: [[[  0.6869645 ]
  [-12.611423  ]
  [ -1.878195  ]
  [  0.62706923]
  [ -5.935999  ]
  [  4.6074634 ]
  [  4.590424  ]
  [  4.0447125 ]]]

ndarray: [[[0 0 0 0 0 0 0 0 0 0]
  [0 0 0 0 0 0 0 0 0 0]
  [0 0 0 0 0 0 0 0 0 0]
  [0 0 0 0 0 0 0 0 0 0]
  [1 1 1 1 1 1 1 1 1 1]
  [0 0 0 0 0 0 0 0 0 0]
  [0 0 0 0 0 0 0 0 0 0]
  [0 0 0 0 0 0 0 0 0 0]]]

ndarray: [[[  0   0   0   0   0   0   0   0   0   0]
  [  0   0   0   0   0   0   0   0   0   0]
  [  0   0   0   0   0   0   0   0   0   0]
  [  0   0   0   0   0   0   0   0   0   0]
  [-10  -5  -5   0   0   0   0   0   0   0]
  [  0   0   0   0   0   0   0   0   0   0]
  [  0   0   0   0   0   0   0   0   0   0]
  [  0   0   0   0   0   0   0   0   0   0]]]

ndarray: [[[  0   0   0   0   0   0   0   0   0   0]
  [  0   0   0   0   0   0   0   0   0   0]
  [  0   0   0   0   0   0   0   0   0   0]
  [  0   0   0   0   0   0   0   0   0   0]
  [-10  -5  -5   0   0   0   0   0   0   0]
  [  0   0   0   0   0   0   0   0   0   0]
  [  0   0   0   0   0   0   0   0   0   0]
  [  0   0   0   0   0   0   0   0   0   0]]]

###################
ndarray: [[[-7.230295 ]
  [-5.7291055]
  [-2.9036856]
  [ 4.879252 ]
  [ 1.637449 ]
  [ 3.9601123]
  [ 4.009208 ]
  [ 1.4082998]]]

ndarray: [[[0 0 0 0 0 0 0 0 0 0]
  [0 0 0 0 0 0 0 0 0 0]
  [0 0 0 0 0 0 0 0 0 0]
  [0 0 0 0 0 0 0 0 0 0]
  [1 1 1 1 1 1 1 1 1 1]
  [0 0 0 0 0 0 0 0 0 0]
  [0 0 0 0 0 0 0 0 0 0]
  [0 0 0 0 0 0 0 0 0 0]]]

ndarray: [[[ 0  0  0  0  0  0  0  0  0  0]
  [ 0  0  0  0  0  0  0  0  0  0]
  [ 0  0  0  0  0  0  0  0  0  0]
  [ 0  0  0  0  0  0  0  0  0  0]
  [10  5  5  0  0  0  0  0  0  0] just have try
  [ 0  0  0  0  0  0  0  0  0  0]
  [ 0  0  0  0  0  0  0  0  0  0]
  [ 0  0  0  0  0  0  0  0  0  0]]]

ndarray: [[[ 0  0  0  0  0  0  0  0  0  0]
  [ 0  0  0  0  0  0  0  0  0  0]
  [ 0  0  0  0  0  0  0  0  0  0]
  [ 0  0  0  0  0  0  0  0  0  0]
  [10  5  5  0  0  0  0  0  0  0]
  [ 0  0  0  0  0  0  0  0  0  0]
  [ 0  0  0  0  0  0  0  0  0  0]
  [ 0  0  0  0  0  0  0  0  0  0]]]


##########################
ndarray: [[[ -0.9592938 ]
  [-14.074045  ]
  [-15.831277  ]
  [  3.3201494 ]
  [ -0.47533992]
  [  5.4493127 ]
  [  5.6999607 ]
  [ -7.6106324 ]]

ndarray: [[[0 0 0 0 0 0 0 0 0 0]
  [0 0 0 0 0 0 0 0 0 0]
  [0 0 0 0 0 0 0 0 0 0]
  [0 0 0 0 0 0 0 0 0 0]
  [1 1 1 1 1 1 1 1 1 1]
  [0 0 0 0 0 0 0 0 0 0]
  [0 0 0 0 0 0 0 0 0 0]
  [0 0 0 0 0 0 0 0 0 0]]]

#########################

ndarray: [[[ -1.0304004 ]
  [-13.132709  ]
  [-14.321914  ]
  [  3.2543564 ]
  [ -0.44792572]
  [  4.3931146 ]
  [  4.763821  ]
  [ -7.20102   ]]


ndarray: [[[0 0 0 0 0 0 0 0 0 0]
  [0 0 0 0 0 0 0 0 0 0]
  [0 0 0 0 0 0 0 0 0 0]
  [0 0 0 0 0 0 0 0 0 0]
  [1 1 1 1 1 1 1 1 1 1]
  [0 0 0 0 0 0 0 0 0 0]
  [0 0 0 0 0 0 0 0 0 0]
  [0 0 0 0 0 0 0 0 0 0]]]

ndarray: [[[  0   0   0   0   0   0   0   0   0   0]
  [  0   0   0   0   0   0   0   0   0   0]
  [  0   0   0   0   0   0   0   0   0   0]
  [  0   0   0   0   0   0   0   0   0   0]
  [  0   0 -10   0   0   0   0   0   0   0]
  [  0   0   0   0   0   0   0   0   0   0]
  [  0   0   0   0   0   0   0   0   0   0]
  [  0   0   0   0   0   0   0   0   0   0]]]

####################################
ndarray: [[[-2.112193  ]
  [-0.7505698 ]
  [-0.47733724]
  [ 4.976396  ]
  [ 1.1126821 ]
  [ 4.566721  ]
  [ 4.80988   ]
  [ 2.1082683 ]]]

ndarray: [[[0 0 0 0 0 0 0 0 0 0]
  [0 0 0 0 0 0 0 0 0 0]
  [0 0 0 0 0 0 0 0 0 0]
  [0 0 0 0 0 0 0 0 0 0]
  [1 1 1 1 1 1 1 1 1 1]
  [0 0 0 0 0 0 0 0 0 0]
  [0 0 0 0 0 0 0 0 0 0]
  [0 0 0 0 0 0 0 0 0 0]]]

ndarray: [[[   0    0    0    0    0    0    0    0    0    0]
  [   0    0    0    0    0    0    0    0    0    0]
  [   0    0    0    0    0    0    0    0    0    0]
  [   0    0    0    0    0    0    0    0    0    0]
  [   0    0 -100    0    0    0    0    0    0    0]
  [   0    0    0    0    0    0    0    0    0    0]
  [   0    0    0    0    0    0    0    0    0    0]
  [   0    0    0    0    0    0    0    0    0    0]]]

#############################
ndarray: [[[ -0.9432256]
  [-13.765487 ]
  [-15.751719 ]
  [  3.4489846]
  [ -0.4644818]
  [  5.048239 ]
  [  5.1402955]
  [ -7.948279 ]]]

ndarray: [[[0 0 0 0 0 0 0 0 0 0]
  [0 0 0 0 0 0 0 0 0 0]
  [0 0 0 0 0 0 0 0 0 0]
  [0 0 0 0 0 0 0 0 0 0]
  [1 1 1 1 1 1 1 1 1 1]
  [0 0 0 0 0 0 0 0 0 0]
  [0 0 0 0 0 0 0 0 0 0]
  [0 0 0 0 0 0 0 0 0 0]]]

ndarray: [[[  0   0   0   0   0   0   0   0   0   0]
  [  0   0   0   0   0   0   0   0   0   0]
  [  0   0   0   0   0   0   0   0   0   0]
  [  0   0   0   0   0   0   0   0   0   0]
  [  0 -10   0   0   0   0   0   0   0   0]
  [  0   0   0   0   0   0   0   0   0   0]
  [  0   0   0   0   0   0   0   0   0   0]
  [  0   0   0   0   0   0   0   0   0   0]]]


################
ndarray: [[[  0.55757916]
  [-10.635314  ]
  [ -3.0325089 ]
  [  2.2382858 ]
  [ -1.7720195 ]
  [  6.3132167 ]
  [  6.4627233 ]
  [  4.438172  ]]]

ndarray: [[[0 0 0 0 0 0 0 0 0 0]
  [0 0 0 0 0 0 0 0 0 0]
  [0 0 0 0 0 0 0 0 0 0]
  [0 0 0 0 0 0 0 0 0 0]
  [1 1 1 1 1 1 1 1 1 1]
  [0 0 0 0 0 0 0 0 0 0]
  [0 0 0 0 0 0 0 0 0 0]
  [0 0 0 0 0 0 0 0 0 0]]]

ndarray: [[[  0   0   0   0   0   0   0   0   0   0]
  [  0   0   0   0   0   0   0   0   0   0]
  [  0   0   0   0   0   0   0   0   0   0]
  [  0   0   0   0   0   0   0   0   0   0]
  [-10   0   0   0   0   0   0   0   0   0]
  [  0   0   0   0   0   0   0   0   0   0]
  [  0   0   0   0   0   0   0   0   0   0]
  [  0   0   0   0   0   0   0   0   0   0]]]


#####################


ndarray: [[[ -1.0543411 ]
  [-14.063436  ]
  [-15.833119  ]
  [  3.4457731 ]
  [ -0.46283847]
  [  4.9329867 ]
  [  5.093736  ]
  [ -7.56941   ]]]

ndarray: [[[0 0 0 0 0 0 0 0 0 0]
  [0 0 0 0 0 0 0 0 0 0]
  [0 0 0 0 0 0 0 0 0 0]
  [0 0 0 0 0 0 0 0 0 0]
  [1 1 1 1 1 1 1 1 1 1]
  [0 0 0 0 0 0 0 0 0 0]
  [0 0 0 0 0 0 0 0 0 0]
  [0 0 0 0 0 0 0 0 0 0]]]

ndarray: [[[  0   0   0   0   0   0   0   0   0   0]
  [  0   0   0   0   0   0   0   0   0   0]
  [  0   0   0   0   0   0   0   0   0   0]
  [  0   0   0   0   0   0   0   0   0   0]
  [  0   0   0 -10   0   0   0   0   0   0]
  [  0   0   0   0   0   0   0   0   0   0]
  [  0   0   0   0   0   0   0   0   0   0]
  [  0   0   0   0   0   0   0   0   0   0]]]






















