############################# 
index: 4
lastSim:
[[[0 0 0 0 0 0 0 0 0 0]
  [0 0 0 0 0 0 0 0 0 0]
  [0 0 0 0 0 0 0 0 0 0]
  [0 0 0 0 0 0 0 0 0 0]
  [0 0 0 0 0 0 0 0 0 0]]]
lastNei1Feature:
[[[0 0 0 0 0 0 0 0 0 0]
  [0 0 0 0 0 0 0 0 0 0]
  [0 0 0 0 0 0 0 0 0 0]
  [0 0 0 0 0 0 0 0 0 0]
  [0 0 0 0 0 0 0 0 0 0]]]
lastNei2Feature:
[[[0 0 0 0 0 0 0 0 0 0]
  [0 0 0 0 0 0 0 0 0 0]
  [0 0 0 0 0 0 0 0 0 0]
  [0 0 0 0 0 0 0 0 0 0]
  [0 0 0 0 0 0 0 0 0 0]]]
lastNei3Feature:
[[[0 0 0 0 0 0 0 0 0 0]
  [0 0 0 0 0 0 0 0 0 0]
  [0 0 0 0 0 0 0 0 0 0]
  [0 0 0 0 0 0 0 0 0 0]
  [0 0 0 0 0 0 0 0 0 0]]]
thisSim
[[[0 0 0 0 0 0 0 0 0 0]
  [0 0 0 0 0 0 0 0 0 0]
  [1 1 1 1 1 1 1 1 1 1]
  [0 0 0 0 0 0 0 0 0 0]
  [0 0 0 0 0 0 0 0 0 0]]]
Q value
13.371633529663086
thisModle:
[[8.61644  ]
 [5.707309 ]
 [7.493614 ]
 [7.4451823]
 [8.515058 ]]
beforeModle:
[[8.61644  ]
 [5.707309 ]
 [7.493614 ]
 [7.4451823]
 [8.515058 ]]
############################# 
index: 4
lastSim:
[[[0 0 0 0 0 0 0 0 0 0]
  [0 0 0 0 0 0 0 0 0 0]
  [0 0 0 0 0 0 0 0 0 0]
  [0 0 0 0 0 0 0 0 0 0]
  [0 0 0 0 0 0 0 0 0 0]]]
lastNei1Feature:
[[[0 0 0 0 0 0 0 0 0 0]
  [0 0 0 0 0 0 0 0 0 0]
  [0 0 0 0 0 0 0 0 0 0]
  [0 0 0 0 0 0 0 0 0 0]
  [0 0 0 0 0 0 0 0 0 0]]]
lastNei2Feature:
[[[0 0 0 0 0 0 0 0 0 0]
  [0 0 0 0 0 0 0 0 0 0]
  [0 0 0 0 0 0 0 0 0 0]
  [0 0 0 0 0 0 0 0 0 0]
  [0 0 0 0 0 0 0 0 0 0]]]
lastNei3Feature:
[[[0 0 0 0 0 0 0 0 0 0]
  [0 0 0 0 0 0 0 0 0 0]
  [0 0 0 0 0 0 0 0 0 0]
  [0 0 0 0 0 0 0 0 0 0]
  [0 0 0 0 0 0 0 0 0 0]]]
thisSim
[[[0 0 0 0 0 0 0 0 0 0]
  [0 0 0 0 0 0 0 0 0 0]
  [1 1 1 1 1 1 1 1 1 1]
  [0 0 0 0 0 0 0 0 0 0]
  [0 0 0 0 0 0 0 0 0 0]]]
Q value
13.371633529663086
thisModle:
[[8.61644  ]
 [5.707309 ]
 [7.493614 ]
 [7.4451823]
 [8.515058 ]]
beforeModle:
[[8.61644  ]
 [5.707309 ]
 [7.493614 ]
 [7.4451823]
 [8.515058 ]]
############################# 
index: 4
lastSim:
[[[0 0 0 0 0 0 0 0 0 0]
  [0 0 0 0 0 0 0 0 0 0]
  [1 1 1 1 1 1 1 1 1 1]
  [0 0 0 0 0 0 0 0 0 0]
  [0 0 0 0 0 0 0 0 0 0]]]
lastNei1Feature:
[[[0 0 0 0 0 0 0 0 0 0]
  [0 0 0 0 0 0 0 0 0 0]
  [0 0 0 0 0 0 0 0 0 0]
  [0 0 0 0 0 0 0 0 0 0]
  [0 0 0 0 0 0 0 0 0 0]]]
lastNei2Feature:
[[[0 0 0 0 0 0 0 0 0 0]
  [0 0 0 0 0 0 0 0 0 0]
  [0 0 0 0 0 0 0 0 0 0]
  [0 0 0 0 0 0 0 0 0 0]
  [0 0 0 0 0 0 0 0 0 0]]]
lastNei3Feature:
[[[0 0 0 0 0 0 0 0 0 0]
  [0 0 0 0 0 0 0 0 0 0]
  [0 0 0 0 0 0 0 0 0 0]
  [0 0 0 0 0 0 0 0 0 0]
  [0 0 0 0 0 0 0 0 0 0]]]
thisSim
[[[0 0 0 0 0 0 0 0 0 0]
  [0 0 0 0 0 0 0 0 0 0]
  [0 0 0 0 0 0 0 0 0 0]
  [0 0 0 0 0 0 0 0 0 0]
  [0 0 0 0 0 0 0 0 0 0]
  [0 0 0 0 0 0 0 0 0 0]
  [0 0 0 0 0 0 0 0 0 0]
  [0 0 0 0 0 0 0 0 0 0]
  [0 0 0 0 0 0 0 0 0 0]
  [0 0 0 0 0 0 0 0 0 0]
  [0 0 0 0 0 0 0 0 0 0]
  [0 0 0 0 0 0 0 0 0 0]
  [0 0 0 0 0 0 0 0 0 0]
  [0 0 0 0 0 0 0 0 0 0]
  [0 0 0 0 0 0 0 0 0 0]
  [0 0 0 0 0 0 0 0 0 0]
  [0 0 0 0 0 0 0 0 0 0]
  [0 0 0 0 0 0 0 0 0 0]
  [0 0 0 0 0 0 0 0 0 0]
  [0 0 0 0 0 0 0 0 0 0]
  [0 0 0 0 0 0 0 0 0 0]
  [0 0 0 0 0 0 0 0 0 0]
  [0 0 0 0 0 0 0 0 0 0]
  [0 0 0 0 0 0 0 0 0 0]]]
Q value
12.84999237060547
thisModle:
[[ 8.854675  ]
 [ 6.920871  ]
 [-0.17463265]
 [ 8.041593  ]
 [10.284203  ]]
beforeModle:
[[ 7.9275665 ]
 [ 6.087268  ]
 [-0.18148045]
 [ 6.8823824 ]
 [ 9.301815  ]]
############################# 
index: 4
lastSim:
[[[0 0 0 0 0 0 0 0 0 0]
  [0 0 0 0 0 0 0 0 0 0]
  [0 0 0 0 0 0 0 0 0 0]
  [0 0 0 0 0 0 0 0 0 0]
  [0 0 0 0 0 0 0 0 0 0]]]
lastNei1Feature:
[[[0 0 0 0 0 0 0 0 0 0]
  [0 0 0 0 0 0 0 0 0 0]
  [0 0 0 0 0 0 0 0 0 0]
  [0 0 0 0 0 0 0 0 0 0]
  [0 0 0 0 0 0 0 0 0 0]]]
lastNei2Feature:
[[[0 0 0 0 0 0 0 0 0 0]
  [0 0 0 0 0 0 0 0 0 0]
  [0 0 0 0 0 0 0 0 0 0]
  [0 0 0 0 0 0 0 0 0 0]
  [0 0 0 0 0 0 0 0 0 0]]]
lastNei3Feature:
[[[0 0 0 0 0 0 0 0 0 0]
  [0 0 0 0 0 0 0 0 0 0]
  [0 0 0 0 0 0 0 0 0 0]
  [0 0 0 0 0 0 0 0 0 0]
  [0 0 0 0 0 0 0 0 0 0]]]
thisSim
[[[0 0 0 0 0 0 0 0 0 0]
  [0 0 0 0 0 0 0 0 0 0]
  [1 1 1 1 1 1 1 1 1 1]
  [0 0 0 0 0 0 0 0 0 0]
  [0 0 0 0 0 0 0 0 0 0]]]
Q value
13.371633529663086
thisModle:
[[9.607585 ]
 [6.7034845]
 [9.0282755]
 [8.567904 ]
 [9.373645 ]]
beforeModle:
[[8.61644  ]
 [5.707309 ]
 [7.493614 ]
 [7.4451823]
 [8.515058 ]]
############################# 
index: 4
lastSim:
[[[0 0 0 0 0 0 0 0 0 0]
  [0 0 0 0 0 0 0 0 0 0]
  [1 1 1 1 1 1 1 1 1 1]
  [0 0 0 0 0 0 0 0 0 0]
  [0 0 0 0 0 0 0 0 0 0]]]
lastNei1Feature:
[[[0 0 0 0 0 0 0 0 0 0]
  [0 0 0 0 0 0 0 0 0 0]
  [0 0 0 0 0 0 0 0 0 0]
  [0 0 0 0 0 0 0 0 0 0]
  [0 0 0 0 0 0 0 0 0 0]]]
lastNei2Feature:
[[[0 0 0 0 0 0 0 0 0 0]
  [0 0 0 0 0 0 0 0 0 0]
  [0 0 0 0 0 0 0 0 0 0]
  [0 0 0 0 0 0 0 0 0 0]
  [0 0 0 0 0 0 0 0 0 0]]]
lastNei3Feature:
[[[0 0 0 0 0 0 0 0 0 0]
  [0 0 0 0 0 0 0 0 0 0]
  [0 0 0 0 0 0 0 0 0 0]
  [0 0 0 0 0 0 0 0 0 0]
  [0 0 0 0 0 0 0 0 0 0]]]
thisSim
[[[0 0 0 0 0 0 0 0 0 0]
  [0 0 0 0 0 0 0 0 0 0]
  [0 0 0 0 0 0 0 0 0 0]
  [0 0 0 0 0 0 0 0 0 0]
  [0 0 0 0 0 0 0 0 0 0]
  [0 0 0 0 0 0 0 0 0 0]
  [0 0 0 0 0 0 0 0 0 0]
  [0 0 0 0 0 0 0 0 0 0]
  [0 0 0 0 0 0 0 0 0 0]
  [0 0 0 0 0 0 0 0 0 0]
  [0 0 0 0 0 0 0 0 0 0]
  [0 0 0 0 0 0 0 0 0 0]
  [0 0 0 0 0 0 0 0 0 0]
  [0 0 0 0 0 0 0 0 0 0]
  [0 0 0 0 0 0 0 0 0 0]
  [0 0 0 0 0 0 0 0 0 0]
  [0 0 0 0 0 0 0 0 0 0]
  [0 0 0 0 0 0 0 0 0 0]
  [0 0 0 0 0 0 0 0 0 0]
  [0 0 0 0 0 0 0 0 0 0]
  [0 0 0 0 0 0 0 0 0 0]
  [0 0 0 0 0 0 0 0 0 0]
  [0 0 0 0 0 0 0 0 0 0]
  [0 0 0 0 0 0 0 0 0 0]]]
Q value
12.84999237060547
thisModle:
[[ 8.854675  ]
 [ 6.920871  ]
 [-0.17463265]
 [ 8.041593  ]
 [10.284203  ]]
beforeModle:
[[ 7.9275665 ]
 [ 6.087268  ]
 [-0.18148045]
 [ 6.8823824 ]
 [ 9.301815  ]]
############################# 
index: 23
lastSim:
[[[0 0 0 0 0 0 0 0 0 0]
  [0 0 0 0 0 0 0 0 0 0]
  [0 0 0 0 0 0 0 0 0 0]
  [0 0 0 0 0 0 0 0 0 0]
  [0 0 0 0 0 0 0 0 0 0]
  [0 0 0 0 0 0 0 0 0 0]
  [0 0 0 0 0 0 0 0 0 0]
  [0 0 0 0 0 0 0 0 0 0]
  [0 0 0 0 0 0 0 0 0 0]
  [0 0 0 0 0 0 0 0 0 0]
  [0 0 0 0 0 0 0 0 0 0]
  [0 0 0 0 0 0 0 0 0 0]
  [0 0 0 0 0 0 0 0 0 0]
  [0 0 0 0 0 0 0 0 0 0]
  [0 0 0 0 0 0 0 0 0 0]
  [0 0 0 0 0 0 0 0 0 0]
  [0 0 0 0 0 0 0 0 0 0]
  [0 0 0 0 0 0 0 0 0 0]
  [0 0 0 0 0 0 0 0 0 0]
  [0 0 0 0 0 0 0 0 0 0]
  [0 0 0 0 0 0 0 0 0 0]
  [0 0 0 0 0 0 0 0 0 0]
  [0 0 0 0 0 0 0 0 0 0]
  [0 0 0 0 0 0 0 0 0 0]]]
lastNei1Feature:
[[[0 0 0 0 0 0 0 0 0 0]
  [0 0 0 0 0 0 0 0 0 0]
  [0 0 0 0 0 0 0 0 0 0]
  [0 0 0 0 0 0 0 0 0 0]
  [0 0 0 0 0 0 0 0 0 0]
  [0 0 0 0 0 0 0 0 0 0]
  [0 0 0 0 0 0 0 0 0 0]
  [0 0 0 0 0 0 0 0 0 0]
  [0 0 0 0 0 0 0 0 0 0]
  [0 0 0 0 0 0 0 0 0 0]
  [0 0 0 0 0 0 0 0 0 0]
  [0 0 0 0 0 0 0 0 0 0]
  [0 0 0 0 0 0 0 0 0 0]
  [0 0 0 0 0 0 0 0 0 0]
  [0 0 0 0 0 0 0 0 0 0]
  [0 0 0 0 0 0 0 0 0 0]
  [0 0 0 0 0 0 0 0 0 0]
  [0 0 0 0 0 0 0 0 0 0]
  [0 0 0 0 0 0 0 0 0 0]
  [0 0 0 0 0 0 0 0 0 0]
  [0 0 0 0 0 0 0 0 0 0]
  [0 0 0 0 0 0 0 0 0 0]
  [0 0 0 0 0 0 0 0 0 0]
  [0 0 0 0 0 0 0 0 0 0]]]
lastNei2Feature:
[[[0 0 0 0 0 0 0 0 0 0]
  [0 0 0 0 0 0 0 0 0 0]
  [0 0 0 0 0 0 0 0 0 0]
  [0 0 0 0 0 0 0 0 0 0]
  [0 0 0 0 0 0 0 0 0 0]
  [0 0 0 0 0 0 0 0 0 0]
  [0 0 0 0 0 0 0 0 0 0]
  [0 0 0 0 0 0 0 0 0 0]
  [0 0 0 0 0 0 0 0 0 0]
  [0 0 0 0 0 0 0 0 0 0]
  [0 0 0 0 0 0 0 0 0 0]
  [0 0 0 0 0 0 0 0 0 0]
  [0 0 0 0 0 0 0 0 0 0]
  [0 0 0 0 0 0 0 0 0 0]
  [0 0 0 0 0 0 0 0 0 0]
  [0 0 0 0 0 0 0 0 0 0]
  [0 0 0 0 0 0 0 0 0 0]
  [0 0 0 0 0 0 0 0 0 0]
  [0 0 0 0 0 0 0 0 0 0]
  [0 0 0 0 0 0 0 0 0 0]
  [0 0 0 0 0 0 0 0 0 0]
  [0 0 0 0 0 0 0 0 0 0]
  [0 0 0 0 0 0 0 0 0 0]
  [0 0 0 0 0 0 0 0 0 0]]]
lastNei3Feature:
[[[0 0 0 0 0 0 0 0 0 0]
  [0 0 0 0 0 0 0 0 0 0]
  [0 0 0 0 0 0 0 0 0 0]
  [0 0 0 0 0 0 0 0 0 0]
  [0 0 0 0 0 0 0 0 0 0]
  [0 0 0 0 0 0 0 0 0 0]
  [0 0 0 0 0 0 0 0 0 0]
  [0 0 0 0 0 0 0 0 0 0]
  [0 0 0 0 0 0 0 0 0 0]
  [0 0 0 0 0 0 0 0 0 0]
  [0 0 0 0 0 0 0 0 0 0]
  [0 0 0 0 0 0 0 0 0 0]
  [0 0 0 0 0 0 0 0 0 0]
  [0 0 0 0 0 0 0 0 0 0]
  [0 0 0 0 0 0 0 0 0 0]
  [0 0 0 0 0 0 0 0 0 0]
  [0 0 0 0 0 0 0 0 0 0]
  [0 0 0 0 0 0 0 0 0 0]
  [0 0 0 0 0 0 0 0 0 0]
  [0 0 0 0 0 0 0 0 0 0]
  [0 0 0 0 0 0 0 0 0 0]
  [0 0 0 0 0 0 0 0 0 0]
  [0 0 0 0 0 0 0 0 0 0]
  [0 0 0 0 0 0 0 0 0 0]]]
thisSim
[[[0 0 0 0 0 0 0 0 0 0]
  [0 0 0 0 0 0 0 0 0 0]
  [0 0 0 0 0 0 0 0 0 0]
  [0 0 0 0 0 0 0 0 0 0]
  [0 0 0 0 0 0 0 0 0 0]
  [0 0 0 0 0 0 0 0 0 0]
  [0 0 0 0 0 0 0 0 0 0]
  [0 0 0 0 0 0 0 0 0 0]
  [0 0 0 0 0 0 0 0 0 0]
  [0 0 0 0 0 0 0 0 0 0]
  [0 0 0 0 0 0 0 0 0 0]
  [0 0 0 0 0 0 0 0 0 0]
  [0 0 0 0 0 0 0 0 0 0]
  [0 0 0 0 0 0 0 0 0 0]
  [0 0 0 0 0 0 0 0 0 0]
  [0 0 0 0 0 0 0 0 0 0]
  [0 0 0 0 0 0 0 0 0 0]
  [1 1 1 1 1 1 1 1 1 1]
  [0 0 0 0 0 0 0 0 0 0]
  [0 0 0 0 0 0 0 0 0 0]
  [0 0 0 0 0 0 0 0 0 0]
  [0 0 0 0 0 0 0 0 0 0]
  [0 0 0 0 0 0 0 0 0 0]
  [0 0 0 0 0 0 0 0 0 0]]]
Q value
12.848974418640136
thisModle:
[[10.785801]
 [ 7.635905]
 [10.766362]
 [10.272401]
 [10.049382]
 [10.24153 ]
 [10.18635 ]
 [10.117532]
 [10.265771]
 [10.1763  ]
 [10.243254]
 [10.177703]
 [10.178629]
 [ 9.917091]
 [ 9.920876]
 [10.434627]
 [10.340211]
 [10.101649]
 [10.18727 ]
 [10.099116]
 [ 9.92726 ]
 [ 9.54304 ]
 [ 9.278159]
 [10.149058]]
beforeModle:
[[8.722214 ]
 [5.913479 ]
 [8.019899 ]
 [7.922638 ]
 [7.7294936]
 [7.8297877]
 [7.8032837]
 [7.7591214]
 [7.8449416]
 [7.809749 ]
 [7.835904 ]
 [7.805579 ]
 [7.8021693]
 [7.5874734]
 [7.5962257]
 [8.003134 ]
 [7.9330826]
 [7.7431707]
 [7.7988577]
 [7.708025 ]
 [7.5560894]
 [7.1805086]
 [7.240753 ]
 [8.634421 ]]
############################# 
index: 23
lastSim:
[[[0 0 0 0 0 0 0 0 0 0]
  [0 0 0 0 0 0 0 0 0 0]
  [0 0 0 0 0 0 0 0 0 0]
  [0 0 0 0 0 0 0 0 0 0]
  [0 0 0 0 0 0 0 0 0 0]
  [0 0 0 0 0 0 0 0 0 0]
  [0 0 0 0 0 0 0 0 0 0]
  [0 0 0 0 0 0 0 0 0 0]
  [0 0 0 0 0 0 0 0 0 0]
  [0 0 0 0 0 0 0 0 0 0]
  [0 0 0 0 0 0 0 0 0 0]
  [0 0 0 0 0 0 0 0 0 0]
  [0 0 0 0 0 0 0 0 0 0]
  [0 0 0 0 0 0 0 0 0 0]
  [0 0 0 0 0 0 0 0 0 0]
  [0 0 0 0 0 0 0 0 0 0]
  [0 0 0 0 0 0 0 0 0 0]
  [0 0 0 0 0 0 0 0 0 0]
  [0 0 0 0 0 0 0 0 0 0]
  [0 0 0 0 0 0 0 0 0 0]
  [0 0 0 0 0 0 0 0 0 0]
  [0 0 0 0 0 0 0 0 0 0]
  [0 0 0 0 0 0 0 0 0 0]
  [0 0 0 0 0 0 0 0 0 0]]]
lastNei1Feature:
[[[0 0 0 0 0 0 0 0 0 0]
  [0 0 0 0 0 0 0 0 0 0]
  [0 0 0 0 0 0 0 0 0 0]
  [0 0 0 0 0 0 0 0 0 0]
  [0 0 0 0 0 0 0 0 0 0]
  [0 0 0 0 0 0 0 0 0 0]
  [0 0 0 0 0 0 0 0 0 0]
  [0 0 0 0 0 0 0 0 0 0]
  [0 0 0 0 0 0 0 0 0 0]
  [0 0 0 0 0 0 0 0 0 0]
  [0 0 0 0 0 0 0 0 0 0]
  [0 0 0 0 0 0 0 0 0 0]
  [0 0 0 0 0 0 0 0 0 0]
  [0 0 0 0 0 0 0 0 0 0]
  [0 0 0 0 0 0 0 0 0 0]
  [0 0 0 0 0 0 0 0 0 0]
  [0 0 0 0 0 0 0 0 0 0]
  [0 0 0 0 0 0 0 0 0 0]
  [0 0 0 0 0 0 0 0 0 0]
  [0 0 0 0 0 0 0 0 0 0]
  [0 0 0 0 0 0 0 0 0 0]
  [0 0 0 0 0 0 0 0 0 0]
  [0 0 0 0 0 0 0 0 0 0]
  [0 0 0 0 0 0 0 0 0 0]]]
lastNei2Feature:
[[[0 0 0 0 0 0 0 0 0 0]
  [0 0 0 0 0 0 0 0 0 0]
  [0 0 0 0 0 0 0 0 0 0]
  [0 0 0 0 0 0 0 0 0 0]
  [0 0 0 0 0 0 0 0 0 0]
  [0 0 0 0 0 0 0 0 0 0]
  [0 0 0 0 0 0 0 0 0 0]
  [0 0 0 0 0 0 0 0 0 0]
  [0 0 0 0 0 0 0 0 0 0]
  [0 0 0 0 0 0 0 0 0 0]
  [0 0 0 0 0 0 0 0 0 0]
  [0 0 0 0 0 0 0 0 0 0]
  [0 0 0 0 0 0 0 0 0 0]
  [0 0 0 0 0 0 0 0 0 0]
  [0 0 0 0 0 0 0 0 0 0]
  [0 0 0 0 0 0 0 0 0 0]
  [0 0 0 0 0 0 0 0 0 0]
  [0 0 0 0 0 0 0 0 0 0]
  [0 0 0 0 0 0 0 0 0 0]
  [0 0 0 0 0 0 0 0 0 0]
  [0 0 0 0 0 0 0 0 0 0]
  [0 0 0 0 0 0 0 0 0 0]
  [0 0 0 0 0 0 0 0 0 0]
  [0 0 0 0 0 0 0 0 0 0]]]
lastNei3Feature:
[[[0 0 0 0 0 0 0 0 0 0]
  [0 0 0 0 0 0 0 0 0 0]
  [0 0 0 0 0 0 0 0 0 0]
  [0 0 0 0 0 0 0 0 0 0]
  [0 0 0 0 0 0 0 0 0 0]
  [0 0 0 0 0 0 0 0 0 0]
  [0 0 0 0 0 0 0 0 0 0]
  [0 0 0 0 0 0 0 0 0 0]
  [0 0 0 0 0 0 0 0 0 0]
  [0 0 0 0 0 0 0 0 0 0]
  [0 0 0 0 0 0 0 0 0 0]
  [0 0 0 0 0 0 0 0 0 0]
  [0 0 0 0 0 0 0 0 0 0]
  [0 0 0 0 0 0 0 0 0 0]
  [0 0 0 0 0 0 0 0 0 0]
  [0 0 0 0 0 0 0 0 0 0]
  [0 0 0 0 0 0 0 0 0 0]
  [0 0 0 0 0 0 0 0 0 0]
  [0 0 0 0 0 0 0 0 0 0]
  [0 0 0 0 0 0 0 0 0 0]
  [0 0 0 0 0 0 0 0 0 0]
  [0 0 0 0 0 0 0 0 0 0]
  [0 0 0 0 0 0 0 0 0 0]
  [0 0 0 0 0 0 0 0 0 0]]]
thisSim
[[[0 0 0 0 0 0 0 0 0 0]
  [0 0 0 0 0 0 0 0 0 0]
  [0 0 0 0 0 0 0 0 0 0]
  [0 0 0 0 0 0 0 0 0 0]
  [0 0 0 0 0 0 0 0 0 0]
  [0 0 0 0 0 0 0 0 0 0]
  [0 0 0 0 0 0 0 0 0 0]
  [0 0 0 0 0 0 0 0 0 0]
  [0 0 0 0 0 0 0 0 0 0]
  [0 0 0 0 0 0 0 0 0 0]
  [0 0 0 0 0 0 0 0 0 0]
  [0 0 0 0 0 0 0 0 0 0]
  [0 0 0 0 0 0 0 0 0 0]
  [0 0 0 0 0 0 0 0 0 0]
  [0 0 0 0 0 0 0 0 0 0]
  [0 0 0 0 0 0 0 0 0 0]
  [0 0 0 0 0 0 0 0 0 0]
  [1 1 1 1 1 1 1 1 1 1]
  [0 0 0 0 0 0 0 0 0 0]
  [0 0 0 0 0 0 0 0 0 0]
  [0 0 0 0 0 0 0 0 0 0]
  [0 0 0 0 0 0 0 0 0 0]
  [0 0 0 0 0 0 0 0 0 0]
  [0 0 0 0 0 0 0 0 0 0]]]
Q value
12.848974418640136
thisModle:
[[10.785801]
 [ 7.635905]
 [10.766362]
 [10.272401]
 [10.049382]
 [10.24153 ]
 [10.18635 ]
 [10.117532]
 [10.265771]
 [10.1763  ]
 [10.243254]
 [10.177703]
 [10.178629]
 [ 9.917091]
 [ 9.920876]
 [10.434627]
 [10.340211]
 [10.101649]
 [10.18727 ]
 [10.099116]
 [ 9.92726 ]
 [ 9.54304 ]
 [ 9.278159]
 [10.149058]]
beforeModle:
[[8.722214 ]
 [5.913479 ]
 [8.019899 ]
 [7.922638 ]
 [7.7294936]
 [7.8297877]
 [7.8032837]
 [7.7591214]
 [7.8449416]
 [7.809749 ]
 [7.835904 ]
 [7.805579 ]
 [7.8021693]
 [7.5874734]
 [7.5962257]
 [8.003134 ]
 [7.9330826]
 [7.7431707]
 [7.7988577]
 [7.708025 ]
 [7.5560894]
 [7.1805086]
 [7.240753 ]
 [8.634421 ]]
